6.846861 1.92379
6.947157 1.938333
5.788298 1.755838
6.927557 1.935507
9.035326 2.201142
8.192294 2.103194
7.595124 2.027507
7.07957 1.957213
6.446842 1.86359
7.207365 1.975103
8.055306 2.086331
7.398783 2.001316
8.036344 2.083974
6.725455 1.9059
5.35466 1.677967
6.953685 1.939272
7.003734 1.946443
8.525625 2.143076
6.763091 1.91148
6.897016 1.931089
6.179645 1.821261
7.988174 2.077962
7.88755 2.065286
7.650522 2.034774
7.876317 2.06386
7.691616 2.040131
6.942696 1.93769
7.979266 2.076846
7.048781 1.952855
7.626704 2.031656
7.64778 2.034415
7.712735 2.042873
6.88999 1.93007
6.600196 1.887099
8.441555 2.133167
8.517015 2.142066
6.69218 1.90094
6.738801 1.907882
7.31734 1.990247
6.985223 1.943797
8.377612 2.125563
6.196101 1.82392
7.510373 2.016285
6.24892 1.832409
6.310003 1.842136
6.353372 1.848986
7.219398 1.976772
7.747467 2.047366
7.252873 1.981398
6.664486 1.896793
7.146744 1.966657
6.581884 1.884321
7.052217 1.953342
9.016728 2.199082
5.24945 1.658123
7.355963 1.995511
6.939667 1.937254
6.889185 1.929953
7.056647 1.95397
8.49009 2.1389
8.316622 2.118256
7.289996 1.986503
8.4657 2.136023
6.503734 1.872377
7.139392 1.965628
7.642284 2.033697
6.900188 1.931549
7.094581 1.959331
7.490094 2.013581
8.155709 2.098718
7.681639 2.038833
9.227088 2.222144
7.37419 1.997986
8.487355 2.138577
6.623192 1.890577
6.969566 1.941553
7.617243 2.030415
7.072802 1.956257
6.796081 1.916346
8.613716 2.153356
6.907782 1.932649
7.298841 1.987716
7.602353 2.028458
7.482861 2.012615
8.332234 2.120132
6.702619 1.902498
7.51191 2.01649
7.00281 1.946311
7.675818 2.038075
7.744114 2.046933
8.064526 2.087475
7.140727 1.965815
6.13771 1.814452
7.610965 2.02959
6.813786 1.918948
7.475362 2.011613
7.133929 1.964862
6.652142 1.894939
6.105508 1.809191
7.57467 2.02481
8.726478 2.166362
8.948194 2.191452
8.15853 2.099064
8.275812 2.113337
6.797446 1.916547
8.428679 2.13164
8.099168 2.091761
7.38854 1.99993
6.34856 1.848228
6.896597 1.931028
6.945232 1.938055
6.318491 1.84348
7.153235 1.967565
7.494985 2.014234
8.400703 2.128315
7.529903 2.018882
6.959879 1.940162
7.896256 2.066389
6.697853 1.901787
6.917697 1.934083
6.583651 1.88459
8.986199 2.19569
8.256299 2.110976
7.245405 1.980368
6.77789 1.913666
8.727384 2.166466
7.819518 2.056623
6.658274 1.89586
6.617354 1.889696
7.21471 1.976122
7.426769 2.005091
7.251462 1.981203
6.894389 1.930708
6.761737 1.91128
7.398891 2.00133
7.595098 2.027503
6.178215 1.821029
8.082877 2.089748
7.214394 1.976078
8.947969 2.191427
7.790227 2.05287
8.053928 2.08616
6.008091 1.793107
7.491672 2.013792
8.256577 2.11101
10.10003 2.312538
7.820258 2.056718
7.255436 1.981751
9.992267 2.301811
6.94522 1.938054
6.825169 1.920617
8.015663 2.081397
6.704113 1.902721
7.795824 2.053588
6.904805 1.932218
7.437614 2.00655
7.349573 1.994642
7.918873 2.069249
7.237592 1.979288
7.77856 2.051371
6.96643 1.941103
7.517527 2.017237
7.89058 2.06567
8.01723 2.081593
8.053056 2.086052
8.339235 2.120971
7.169609 1.969851
6.994705 1.945153
8.554529 2.146461
7.34413 1.993901
7.352711 1.995069
7.19032 1.972736
7.092501 1.959038
6.864563 1.926372
6.692279 1.900955
8.784562 2.172996
7.775548 2.050984
6.61658 1.889579
6.068103 1.803046
6.808783 1.918213
7.74217 2.046682
7.651615 2.034917
6.606487 1.888052
7.878605 2.064151
7.365178 1.996763
7.461153 2.00971
8.278179 2.113623
6.308288 1.841864
6.929841 1.935837
7.108715 1.961322
6.467212 1.866745
8.825536 2.177649
8.048506 2.085487
9.107157 2.209061
7.220454 1.976918
7.635605 2.032822
6.767509 1.912133
7.166309 1.969391
7.32705 1.991573
8.560167 2.14712
8.473704 2.136968
7.992696 2.078528
7.315359 1.989976
6.542433 1.878309
8.122407 2.094627
7.078295 1.957033
7.876687 2.063907
7.073598 1.956369
8.390166 2.12706
7.473664 2.011385
7.941389 2.072088
8.147974 2.097769
8.139674 2.09675
7.950763 2.073268
7.718639 2.043638
7.598412 2.027939
7.804153 2.054656
7.314084 1.989802
7.49876 2.014738
6.991886 1.94475
6.443229 1.86303
6.865069 1.926446
6.466907 1.866698
6.376442 1.85261
6.477666 1.86836
6.889837 1.930047
8.652344 2.15783
7.097687 1.959769
6.677388 1.898727
6.939202 1.937187
7.078328 1.957038
6.946788 1.938279
6.961886 1.94045
6.470488 1.867252
6.475693 1.868056
7.155754 1.967917
7.450799 2.008321
7.694793 2.040544
7.29736 1.987513
5.953906 1.784048
6.941697 1.937546
8.051091 2.085808
7.606736 2.029034
9.274243 2.227241
8.990907 2.196214
7.476861 2.011813
6.752586 1.909926
6.99725 1.945517
6.613219 1.889071
7.153864 1.967653
6.528459 1.876171
7.82866 2.057791
6.717784 1.904758
8.814021 2.176344
7.017796 1.948449
8.119298 2.094244
8.330173 2.119884
7.336111 1.992809
7.84489 2.059862
9.650564 2.267016
7.256364 1.981879
7.197207 1.973693
7.068689 1.955675
9.016489 2.199055
7.046766 1.952569
7.828657 2.057791
6.172784 1.82015
8.2847 2.11441
7.892684 2.065936
7.102301 1.960419
7.502006 2.01517
7.824536 2.057264
7.11305 1.961931
6.820511 1.919934
7.036127 1.951058
6.716438 1.904558
6.554094 1.88009
7.612889 2.029843
7.519716 2.017528
6.320917 1.843864
6.532796 1.876835
8.433655 2.13223
7.263433 1.982853
6.884656 1.929295
6.382021 1.853485
8.083519 2.089827
8.558176 2.146887
7.925325 2.070063
8.557478 2.146806
7.2817 1.985364
7.373595 1.997905
8.972431 2.194157
7.267506 1.983413
6.790711 1.915556
6.455769 1.864974
7.469353 2.010808
6.511762 1.87361
7.550792 2.021652
6.640593 1.893201
6.429692 1.860927
8.231652 2.107987
7.783382 2.051991
7.170579 1.969986
6.874055 1.927754
7.820444 2.056741
7.551112 2.021695
6.668853 1.897448
7.025931 1.949608
7.64862 2.034525
8.281514 2.114026
6.015965 1.794417
7.726175 2.044614
7.615611 2.0302
7.167204 1.969516
7.293964 1.987047
6.943386 1.93779
7.562055 2.023143
7.573981 2.024719
8.061408 2.087088
7.250608 1.981085
7.645481 2.034115
7.070358 1.955911
6.929277 1.935755
6.950844 1.938863
6.416823 1.858923
7.081062 1.957424
7.124731 1.963572
8.129402 2.095487
8.46579 2.136033
7.799471 2.054056
7.7745 2.050849
8.144543 2.097348
7.47228 2.0112
6.775847 1.913364
7.11522 1.962236
8.583381 2.149828
5.961559 1.785332
6.884651 1.929294
7.423918 2.004707
6.0751 1.804198
8.564144 2.147584
7.302575 1.988227
6.737941 1.907754
7.763928 2.049488
6.852623 1.924631
7.437137 2.006486
6.411844 1.858147
7.626644 2.031648
7.168533 1.969701
6.352946 1.848919
7.831874 2.058202
8.361783 2.123672
6.052191 1.80042
7.296694 1.987421
8.594664 2.151142
6.001924 1.79208
6.473845 1.86777
8.080829 2.089494
7.260538 1.982454
8.908985 2.18706
7.529573 2.018838
6.830884 1.921454
8.371191 2.124796
7.389485 2.000058
5.897125 1.774465
6.052113 1.800407
7.538901 2.020076
7.5961 2.027635
7.062505 1.9548
8.052944 2.086038
7.15383 1.967648
7.38514 1.99947
8.272788 2.112972
7.613276 2.029894
7.500139 2.014922
6.799629 1.916868
6.653493 1.895142
7.844177 2.059771
6.230571 1.829468
6.670599 1.89771
7.099949 1.960088
8.830984 2.178266
6.619886 1.890078
7.229341 1.978148
6.491687 1.870522
6.98226 1.943373
8.151694 2.098226
7.422618 2.004532
7.462634 2.009908
6.593366 1.886064
7.415197 2.003532
6.556813 1.880505
8.040205 2.084455
6.711773 1.903863
6.684749 1.899829
8.188864 2.102775
7.571338 2.02437
5.819333 1.761186
7.469401 2.010815
7.555269 2.022245
8.179835 2.101672
8.175962 2.101198
6.873472 1.927669
8.860838 2.181641
7.702087 2.041491
8.317107 2.118314
7.980405 2.076989
7.160605 1.968594
7.024151 1.949354
8.589703 2.150564
8.071038 2.088282
7.125183 1.963635
8.147762 2.097743
6.605362 1.887882
6.855265 1.925017
6.87478 1.92786
6.918718 1.93423
7.162891 1.968914
7.398475 2.001274
7.621548 2.030979
7.249379 1.980916
6.371038 1.851762
7.953437 2.073604
6.825153 1.920615
6.216938 1.827277
7.650251 2.034738
5.524519 1.709196
7.429146 2.005411
7.365118 1.996755
7.402188 2.001776
6.014305 1.794141
6.756543 1.910511
6.796059 1.916343
9.283436 2.228232
7.910701 2.068216
6.64757 1.894251
7.916633 2.068966
8.145018 2.097406
8.038901 2.084292
6.690655 1.900712
8.480651 2.137787
7.52969 2.018854
7.336056 1.992801
6.608351 1.888334
5.862309 1.768544
8.236319 2.108554
8.454494 2.134698
6.783119 1.914437
6.488701 1.870062
7.566089 2.023676
7.209864 1.97545
8.370824 2.124752
6.937228 1.936902
8.868793 2.182539
6.992797 1.944881
6.429964 1.860969
6.547183 1.879035
6.093596 1.807238
8.131188 2.095707
7.860309 2.061826
6.253958 1.833215
8.655123 2.158151
6.790992 1.915597
6.519798 1.874843
6.815384 1.919182
8.09534 2.091289
7.231287 1.978417
7.742421 2.046714
6.392312 1.855096
8.773483 2.171734
6.563851 1.881577
7.547961 2.021277
7.817938 2.056421
7.329762 1.991943
6.632974 1.892053
6.926638 1.935375
6.619276 1.889986
6.536202 1.877356
8.160588 2.099316
7.415831 2.003617
7.323616 1.991104
9.229629 2.222419
7.00172 1.946156
6.980484 1.943118
7.691194 2.040076
7.111175 1.961667
7.77576 2.051011
8.169583 2.100418
7.503639 2.015388
7.483367 2.012683
6.893201 1.930536
7.826984 2.057577
5.303664 1.668398
7.737627 2.046095
8.120407 2.09438
7.088341 1.958451
6.997349 1.945531
7.549698 2.021508
6.307184 1.841689
7.560808 2.022978
7.486699 2.013128
7.155167 1.967835
7.015779 1.948162
6.628101 1.891318
6.350785 1.848578
6.452926 1.864534
7.319742 1.990575
6.824067 1.920456
6.422064 1.85974
7.270941 1.983886
6.604483 1.887749
7.469612 2.010843
6.737932 1.907753
6.931367 1.936057
7.220489 1.976923
8.496789 2.139688
6.612312 1.888933
7.131711 1.964551
7.289716 1.986465
7.914338 2.068676
9.242887 2.223854
8.212503 2.105658
7.731521 2.045306
8.305017 2.11686
7.859863 2.061769
7.336154 1.992815
7.392589 2.000478
7.29197 1.986774
5.788937 1.755949
6.844466 1.92344
7.170379 1.969958
7.601908 2.028399
7.101286 1.960276
7.49396 2.014097
7.731766 2.045337
7.254194 1.98158
8.462383 2.135631
7.374621 1.998044
9.034795 2.201083
6.867236 1.926762
8.607324 2.152613
6.992503 1.944839
7.400265 2.001516
7.379425 1.998696
8.519706 2.142382
9.033099 2.200896
7.776702 2.051132
8.290488 2.115109
6.732369 1.906927
8.341374 2.121228
8.319388 2.118589
7.926181 2.070171
6.630214 1.891637
7.601302 2.02832
7.990632 2.07827
8.427427 2.131491
7.759379 2.048902
6.992677 1.944864
7.946787 2.072768
8.129088 2.095449
5.594688 1.721818
6.395892 1.855656
8.395171 2.127657
6.58567 1.884896
8.127765 2.095286
6.9617 1.940424
7.016957 1.94833
8.284024 2.114329
7.755347 2.048382
7.731584 2.045314
7.57475 2.02482
8.147805 2.097749
7.723109 2.044217
7.254111 1.981568
7.087592 1.958346
8.105275 2.092515
7.430217 2.005555
7.046543 1.952537
8.562122 2.147348
6.025004 1.795918
7.426071 2.004997
6.586981 1.885095
6.549624 1.879408
6.794256 1.916078
7.59251 2.027162
8.427002 2.131441
6.96542 1.940958
7.188666 1.972506
7.162845 1.968907
7.84756 2.060203
8.224106 2.10707
7.940477 2.071973
7.079089 1.957145
6.619891 1.890079
6.821657 1.920102
7.02895 1.950037
6.354407 1.849149
8.739973 2.167907
5.798634 1.757622
7.700617 2.0413
7.452932 2.008608
7.095731 1.959493
7.919169 2.069286
6.658164 1.895844
7.960366 2.074475
7.232768 1.978622
7.779079 2.051438
9.824768 2.284907
8.703806 2.16376
8.190987 2.103034
7.295048 1.987196
7.738349 2.046188
6.332633 1.845716
7.09479 1.959361
7.229061 1.978109
8.367386 2.124342
7.114157 1.962087
7.385073 1.999461
6.806893 1.917936
7.241551 1.979835
7.615749 2.030218
6.345263 1.847709
6.623713 1.890656
7.184898 1.971981
8.967524 2.19361
7.258661 1.982195
6.280362 1.837428
7.930951 2.070773
7.32176 1.990851
7.661502 2.036208
6.576562 1.883512
7.185815 1.972109
6.643519 1.893642
8.308697 2.117303
9.24069 2.223617
7.264248 1.982965
7.076747 1.956814
7.26973 1.983719
6.800081 1.916935
6.513209 1.873832
7.682522 2.038948
7.242664 1.979989
7.247823 1.980701
8.800818 2.174845
6.567898 1.882194
8.41285 2.12976
6.232619 1.829797
8.50213 2.140317
7.066668 1.955389
6.96463 1.940845
6.285749 1.838285
7.503863 2.015418
7.148897 1.966958
7.189831 1.972668
7.168184 1.969652
9.710528 2.273211
7.783371 2.05199
7.26201 1.982657
6.752464 1.909908
7.238501 1.979414
7.885775 2.06506
7.773316 2.050697
7.330495 1.992043
7.052456 1.953376
7.547909 2.021271
7.339784 1.993309
7.659698 2.035973
6.338155 1.846588
7.788811 2.052688
7.109939 1.961494
8.382068 2.126095
8.023553 2.082381
7.058326 1.954208
7.620408 2.03083
8.255827 2.110919
7.587694 2.026528
7.904456 2.067427
6.547163 1.879032
8.508766 2.141097
5.888193 1.772949
8.656259 2.158283
7.167295 1.969528
6.178044 1.821002
6.792831 1.915868
9.50968 2.25231
6.905211 1.932276
6.559964 1.880985
6.666025 1.897024
6.324942 1.844501
6.54758 1.879095
6.920022 1.934419
6.610984 1.888732
7.853201 2.060921
7.440883 2.00699
8.285755 2.114538
7.684373 2.039189
6.355257 1.849282
8.196725 2.103735
8.014402 2.08124
7.066949 1.955429
6.335252 1.84613
6.513894 1.873937
6.863732 1.926251
6.155669 1.817373
7.319168 1.990497
6.597972 1.886762
9.135181 2.212133
8.052006 2.085921
7.538254 2.019991
9.059271 2.203789
6.785621 1.914806
8.091077 2.090762
7.954952 2.073795
7.402724 2.001848
7.151442 1.967314
7.532872 2.019276
8.266875 2.112257
6.694658 1.90131
6.554297 1.880121
8.342608 2.121376
8.21055 2.10542
6.43379 1.861564
5.975218 1.787621
7.195012 1.973388
8.369017 2.124536
7.280728 1.985231
6.443672 1.863099
8.176394 2.101251
7.87406 2.063574
6.913945 1.93354
6.821129 1.920025
7.394886 2.000789
7.072312 1.956187
7.024423 1.949393
7.695563 2.040644
7.53984 2.020201
7.833877 2.058458
6.771557 1.912731
8.993142 2.196462
7.864955 2.062417
7.777342 2.051215
9.171524 2.216103
6.575994 1.883426
6.589618 1.885495
6.866794 1.926697
6.119685 1.811511
7.923339 2.069813
7.877915 2.064063
7.229449 1.978163
6.499008 1.87165
7.172419 1.970243
6.3435 1.847431
6.77065 1.912597
6.270852 1.835912
9.017396 2.199156
6.034085 1.797424
7.749929 2.047684
7.88255 2.064651
7.198753 1.973908
6.540526 1.878018
7.872065 2.06332
7.642357 2.033706
7.82078 2.056784
6.680818 1.89924
7.224218 1.977439
8.136009 2.0963
7.415063 2.003513
6.993186 1.944936
7.672408 2.03763
6.617431 1.889707
7.442992 2.007273
6.513233 1.873836
6.62635 1.891054
6.299698 1.840502
6.48177 1.868994
8.173043 2.100841
7.635101 2.032756
7.563953 2.023394
7.191804 1.972942
8.357727 2.123186
7.812694 2.05575
8.013802 2.081165
6.553901 1.88006
7.09623 1.959564
7.982802 2.077289
7.23472 1.978892
7.847819 2.060236
6.631325 1.891805
7.540819 2.020331
6.989662 1.944432
6.765937 1.911901
7.250317 1.981045
7.656332 2.035533
7.129064 1.96418
7.749302 2.047603
7.414272 2.003407
6.594703 1.886267
7.237059 1.979215
8.734969 2.167334
6.950863 1.938866
6.479938 1.868711
6.559962 1.880985
7.968836 2.075538
7.666633 2.036878
7.664988 2.036663
7.667523 2.036994
7.559745 2.022837
8.072957 2.08852
7.057726 1.954123
6.699381 1.902015
8.487411 2.138584
6.120013 1.811564
6.676377 1.898576
8.09562 2.091323
5.94963 1.783329
7.446827 2.007788
8.128365 2.09536
8.315086 2.118072
6.852409 1.9246
8.075441 2.088827
7.785075 2.052208
9.286088 2.228517
7.238367 1.979396
7.721775 2.044044
7.053795 1.953566
6.722424 1.905449
8.347262 2.121934
8.159242 2.099151
7.334437 1.992581
7.473709 2.011391
8.943323 2.190907
6.701542 1.902338
6.303336 1.841079
7.149829 1.967088
6.414858 1.858617
7.969017 2.075561
7.536446 2.019751
7.216491 1.976369
6.861947 1.925991
6.610497 1.888659
9.070967 2.205079
8.09238 2.090923
6.397276 1.855872
7.766182 2.049779
8.144792 2.097379
7.20179 1.97433
6.056626 1.801153
7.340444 1.993399
6.942922 1.937723
7.435429 2.006256
7.749273 2.047599
7.122402 1.963245
7.389871 2.00011
8.849887 2.180405
6.551633 1.879714
7.478061 2.011973
7.404603 2.002102
8.076156 2.088916
6.566895 1.882041
7.235725 1.979031
7.167436 1.969548
7.2491 1.980877
8.22292 2.106925
7.013327 1.947812
7.794371 2.053402
6.948806 1.93857
7.784538 2.052139
6.860916 1.925841
7.944301 2.072455
7.448742 2.008045
6.931268 1.936043
6.239544 1.830907
7.816733 2.056267
7.974357 2.076231
7.694467 2.040501
7.960385 2.074477
7.499241 2.014802
7.024308 1.949377
8.229923 2.107777
7.206352 1.974963
7.200218 1.974111
7.104923 1.960788
6.694496 1.901286
6.361858 1.85032
6.586186 1.884974
5.774107 1.753384
7.254002 1.981553
7.88586 2.065071
7.87523 2.063722
8.408616 2.129257
7.910088 2.068139
7.798866 2.053978
8.195269 2.103557
6.734504 1.907244
7.804453 2.054694
7.770371 2.050318
7.651792 2.03494
6.61931 1.889991
7.577721 2.025213
6.456814 1.865136
7.41639 2.003692
8.060215 2.08694
6.077796 1.804642
6.80409 1.917524
7.670959 2.037442
7.359371 1.995974
8.37382 2.12511
7.61587 2.030234
7.186412 1.972192
7.23553 1.979004
6.442473 1.862912
6.585911 1.884933
8.073066 2.088533
8.018187 2.081712
6.886905 1.929622
7.30776 1.988937
9.594577 2.261198
7.327162 1.991588
6.902817 1.93193
7.428165 2.005279
7.563942 2.023392
6.568824 1.882335
7.591191 2.026989
8.608761 2.15278
7.694996 2.04057
7.832762 2.058315
7.494081 2.014114
7.870004 2.063059
8.509207 2.141149
7.43158 2.005738
9.61106 2.262915
6.938385 1.937069
7.525473 2.018294
7.709895 2.042505
7.225809 1.977659
7.826411 2.057504
7.863704 2.062258
8.505083 2.140664
7.694963 2.040566
7.71063 2.0426
6.30111 1.840726
6.322688 1.844145
7.567955 2.023923
7.057122 1.954037
6.105121 1.809128
6.30985 1.842112
6.992763 1.944876
6.72593 1.90597
7.758848 2.048834
8.047998 2.085423
7.827875 2.057691
7.748453 2.047493
7.482921 2.012623
7.704714 2.041832
8.244934 2.109599
7.502687 2.015261
7.522064 2.017841
9.325689 2.232773
7.150003 1.967113
8.613941 2.153382
7.495415 2.014291
6.887083 1.929648
8.133745 2.096021
8.002025 2.079695
7.467557 2.010568
6.915687 1.933792
7.072124 1.956161
7.54317 2.020643
7.315351 1.989975
7.101094 1.960249
7.511282 2.016406
6.613101 1.889053
7.804559 2.054708
8.355841 2.122961
7.671706 2.037539
7.722996 2.044202
7.832891 2.058332
6.771167 1.912674
7.157649 1.968182
6.262695 1.834611
7.280024 1.985134
7.516615 2.017116
8.163162 2.099632
7.097429 1.959733
6.663919 1.896708
7.347949 1.994421
8.817868 2.17678
7.961024 2.074558
7.724037 2.044337
8.318086 2.118432
7.517099 2.01718
8.169119 2.100361
7.209651 1.975421
6.434789 1.861719
6.77494 1.913231
7.95742 2.074105
8.355083 2.12287
9.28164 2.228038
7.05914 1.954323
7.57007 2.024202